0000   00 00 02 3a 7b 0a 09 22 68 65 61 64 65 72 22 3a
0010   09 7b 0a 09 09 22 76 65 72 73 69 6f 6e 22 3a 09
0020   22 54 50 2d 4c 49 4e 4b 20 45 43 53 20 76 65 72
0030   20 31 2e 30 2e 30 22 2c 0a 09 09 22 6d 61 63 22
0040   3a 09 22 65 61 3a 30 31 3a 31 30 3a 30 38 3a 31
0050   35 3a 37 30 22 2c 0a 09 09 22 74 79 70 65 22 3a
0060   09 31 2c 0a 09 09 22 65 72 72 6f 72 22 3a 09 30
0070   0a 09 7d 2c 0a 09 22 62 6f 64 79 22 3a 09 7b 0a
0080   09 09 22 64 65 76 69 63 65 49 6e 66 6f 22 3a 09
0090   7b 0a 09 09 09 22 6d 6f 64 65 6c 22 3a 09 22 45
00a0   41 50 31 31 35 22 2c 0a 09 09 09 22 6e 61 6d 65
00b0   22 3a 09 22 45 41 50 31 31 35 2d 65 61 2d 30 31
00c0   2d 31 30 2d 30 38 2d 31 35 2d 37 30 22 2c 0a 09
00d0   09 09 22 66 69 72 6d 77 61 72 65 56 65 72 73 69
00e0   6f 6e 22 3a 09 22 31 2e 32 2e 30 20 42 75 69 6c
00f0   64 20 32 30 31 37 30 31 31 31 20 52 65 6c 2e 20
0100   35 35 32 36 33 22 2c 0a 09 09 09 22 75 70 54 69
0110   6d 65 22 3a 09 22 30 20 64 61 79 73 20 30 30 3a
0120   33 36 3a 32 38 22 2c 0a 09 09 09 22 63 70 75 55
0130   74 69 22 3a 09 31 2c 0a 09 09 09 22 6d 65 6d 55
0140   74 69 22 3a 09 36 37 2c 0a 09 09 09 22 69 70 22
0150   3a 09 22 31 39 32 2e 31 36 38 2e 31 2e 31 34 22
0160   2c 0a 09 09 09 22 6d 61 73 6b 22 3a 09 22 32 35
0170   35 2e 32 35 35 2e 32 35 35 2e 30 22 0a 09 09 7d
0180   2c 0a 09 09 22 64 65 76 69 63 65 4d 69 73 63 22
0190   3a 09 7b 0a 09 09 09 22 73 75 70 70 6f 72 74 5f
01a0   35 67 22 3a 09 66 61 6c 73 65 2c 0a 09 09 09 22
01b0   73 75 70 70 6f 72 74 5f 31 31 61 63 22 3a 09 66
01c0   61 6c 73 65 2c 0a 09 09 09 22 73 75 70 70 6f 72
01d0   74 5f 6c 61 67 22 3a 09 66 61 6c 73 65 2c 0a 09
01e0   09 09 22 63 75 73 74 6f 6d 69 7a 65 52 65 67 69
01f0   6f 6e 22 3a 09 38 34 31 2c 0a 09 09 09 22 6d 61
0200   78 54 78 50 6f 77 65 72 22 3a 09 30 2c 0a 09 09
0210   09 22 6d 69 6e 50 6f 77 65 72 32 47 22 3a 09 34
0220   2c 0a 09 09 09 22 6d 61 78 50 6f 77 65 72 32 47
0230   22 3a 09 32 36 0a 09 09 7d 0a 09 7d 0a 7d